1 0 0
2 1 0
3 1 0
4 2 0
5 2 0
6 3 0
7 3 0
8 4 0
9 5 0
10 5 0
11 5 0
12 6 0
13 6 0
14 6 0
15 7 0
16 8 0
17 8 0
18 9 0
19 9 0
20 10 0
21 10 0
22 11 0
23 11 0
24 12 0
25 12 0
26 13 0
27 13 0
28 14 0
29 14 0
30 15 0
31 15 0
32 16 0
33 16 0
34 16 0
35 17 0
36 18 0
37 19 0
38 20 0
39 21 0
40 22 0
41 23 0
42 24 0
43 25 0
44 26 0
45 27 0
46 28 0
47 29 0
48 30 0
49 31 0
50 31 0
51 31 0
52 32 0
53 32 0
54 33 0
55 33 0
56 34 0
57 34 0
58 35 0
59 35 0
60 36 0
61 36 0
62 37 0
63 37 0
64 38 0
65 38 0
66 39 0
67 39 0
68 40 0
69 40 0
70 41 0
71 41 0
72 42 0
73 42 0
74 43 0
75 43 0
76 44 0
77 44 0
78 45 0
79 45 0
80 46 0
81 46 0
82 47 0
83 48 0
84 48 0
85 49 0
86 49 0
87 50 0
88 50 0
89 51 0
90 51 0
91 52 0
92 53 0
93 54 0
94 55 0
95 56 0
96 57 0
97 58 0
98 59 0
99 59 0
100 59 0
101 60 0
102 61 0
103 61 0
104 61 0
105 62 0
106 63 0
107 63 0
108 64 0
109 65 0
110 65 0
111 65 0
112 66 0
113 67 0
114 67 0
115 68 0
116 68 0
117 68 0
118 69 0
119 70 0
120 70 0
121 70 0
122 71 0
123 72 0
124 73 0
125 73 0
126 73 0
127 74 0
128 75 0
129 75 0
130 75 0
131 76 0
132 76 0
133 76 0
134 77 0
135 78 0
136 78 0
137 78 0
138 79 0
139 80 0
140 80 0
141 80 0
142 81 0
143 82 0
144 83 0
145 83 0
146 83 0
147 84 0
148 85 0
149 86 0
150 88 0
151 89 0
152 90 0
153 91 0
154 91 0
155 92 0
156 92 0
157 93 0
158 93 0
159 94 0
160 94 0
161 95 0
162 96 0
163 96 0
164 97 0
165 97 0
166 98 0
167 98 0
168 99 0
169 99 0
170 100 0
171 100 0
172 101 0
173 101 0
174 102 0
175 102 0
176 103 0
177 103 0
178 104 0
179 104 0
180 105 0
181 105 0
182 106 0
183 106 0
184 107 0
185 107 0
186 108 0
187 108 0
188 109 0
189 109 0
190 110 0
191 110 0
192 111 0
193 111 0
194 112 0
195 112 0
196 113 0
197 113 0
198 114 0
199 114 0
200 115 0
201 115 0
202 116 0
203 117 0
204 117 0
205 118 0
206 118 0
207 119 0
208 119 0
209 120 0
210 121 0
211 121 0
212 122 0
213 122 0
214 123 0
215 123 0
216 124 0
217 124 0
218 125 0
219 126 0
220 126 0
221 127 0
222 127 0
223 128 0
224 128 0
225 129 0
226 129 0
227 130 0
228 130 0
229 131 0
230 132 0
231 133 0
232 133 0
233 134 0
234 134 0
235 135 0
236 135 0
237 136 0
238 137 0
239 137 0
240 138 0
241 138 0
242 139 0
243 139 0
244 140 0
245 140 0
246 141 0
247 142 0
248 142 0
249 143 0
250 143 0
251 144 0
252 144 0
253 145 0
254 145 0
255 146 0
256 146 0
257 147 0
258 147 0
259 148 0
260 148 0
261 149 0
262 149 0
263 150 0
264 150 0
265 151 0
266 151 0
267 152 0
268 152 0
269 153 0
270 154 0
271 154 0
272 154 0
273 155 0
274 156 0
275 156 0
276 156 0
277 157 0
278 157 0
279 157 0
280 158 0
281 159 0
282 159 0
283 159 0
284 160 0
285 161 0
286 162 0
287 162 0
288 162 0
289 163 0
290 164 0
291 164 0
292 164 0
293 165 0
294 167 0
295 168 0
296 169 0
297 170 0
298 171 0
299 172 0
300 172 0
301 172 0
302 173 0
303 175 0
304 176 0
305 177 0
306 178 0
307 180 0
308 180 0
309 180 0
310 181 0
311 182 0
312 183 0
313 184 0
314 185 0
315 186 0
316 186 0
317 186 0
318 187 0
319 188 0
320 189 0
321 191 0
322 193 0
323 194 0
324 194 0
325 194 0
326 195 0
327 196 0
328 197 0
329 198 0
330 199 0
331 200 0
332 201 0
333 202 0
334 203 0
335 205 0
336 206 0
337 206 0
338 206 0
339 207 0
340 208 0
341 209 0
342 211 0
343 212 0
344 213 0
345 213 0
346 213 0
347 214 0
348 214 0
349 214 0
350 215 0
351 217 0
352 218 0
353 219 0
354 220 0
355 221 0
356 221 0
357 221 0
358 222 0
359 223 0
360 225 0
361 226 0
362 227 0
363 228 0
364 229 0
365 230 0
366 231 0
367 232 0
368 233 0
369 234 0
370 234 0
371 234 0
372 235 0
373 236 0
374 237 0
375 238 0
376 239 0
377 240 0
378 241 0
379 241 0
380 241 0
381 242 0
382 243 0
383 244 0
384 245 0
385 246 0
386 247 0
387 248 0
388 248 0
389 248 0
390 249 0
391 250 0
392 250 0
393 250 0
394 251 0
395 252 0
396 253 0
397 254 0
398 255 0
399 256 0
400 257 0
401 258 0
402 258 0
403 258 0
404 259 0
405 260 0
406 260 0
407 261 0
408 262 0
409 262 0
410 263 0
411 264 0
412 264 0
413 264 0
414 265 0
415 265 0
416 266 0
417 267 0
418 267 0
419 267 0
420 268 0
421 269 0
422 269 0
423 270 0
424 271 0
425 271 0
426 272 0
427 272 0
428 273 0
429 273 0
430 274 0
431 274 0
432 275 0
433 275 0
434 276 0
435 276 0
436 277 0
437 277 0
438 278 0
439 279 0
440 279 0
441 280 0
442 280 0
443 281 0
444 282 0
445 283 0
446 283 0
447 284 0
448 284 0
449 285 0
450 285 0
451 286 0
452 286 0
453 287 0
454 287 0
455 288 0
456 289 0
457 289 0
458 290 0
459 290 0
460 291 0
461 291 0
462 292 0
463 292 0
464 293 0
465 293 0
466 294 0
467 294 0
468 295 0
469 295 0
470 296 0
471 296 0
472 297 0
473 297 0
474 298 0
475 298 0
476 299 0
477 299 0
478 300 0
479 300 0
480 301 0
481 301 0
482 302 0
483 302 0
484 303 0
485 303 0
486 304 0
487 304 0
488 305 0
489 305 0
490 306 0
491 306 0
492 307 0
493 307 0
494 308 0
495 308 0
496 309 0
497 309 0
498 310 0
499 310 0
500 311 0
501 311 0
502 312 0
503 312 0
504 313 0
505 313 0
506 314 0
507 314 0
508 315 0
509 315 0
510 316 0
511 316 0
512 317 0
513 317 0
514 318 0
515 318 0
516 319 0
517 319 0
518 320 0
519 321 0
520 321 0
521 322 0
522 322 0
523 323 0
524 323 0
525 324 0
526 324 0
527 325 0
528 325 0
529 326 0
530 326 0
531 327 0
532 328 0
533 328 0
534 329 0
535 329 0
536 330 0
537 330 0
538 331 0
539 331 0
540 332 0
541 333 0
542 333 0
543 334 0
544 334 0
545 335 0
546 335 0
547 336 0
548 336 0
549 337 0
550 337 0
551 338 0
552 338 0
553 339 0
554 339 0
555 340 0
556 341 0
557 341 0
558 342 0
559 342 0
560 343 0
561 343 0
562 344 0
563 344 0
564 345 0
565 345 0
566 346 0
567 346 0
568 347 0
569 347 0
570 348 0
571 348 0
572 349 0
573 349 0
574 350 0
575 350 0
576 351 0
577 351 0
578 352 0
579 352 0
580 353 0
581 353 0
582 354 0
583 355 0
584 355 0
585 356 0
586 356 0
587 357 0
588 357 0
589 358 0
590 358 0
591 359 0
592 359 0
593 360 0
594 361 0
595 361 0
596 362 0
597 362 0
598 363 0
599 363 0
600 364 0
601 364 0
602 365 0
603 365 0
604 366 0
605 366 0
606 367 0
607 368 0
608 368 0
609 369 0
610 369 0
611 370 0
612 370 0
613 371 0
614 371 0
615 372 0
616 372 0
617 373 0
618 374 0
619 374 0
620 375 0
621 375 0
622 376 0
623 376 0
624 377 0
625 377 0
626 378 0
627 378 0
628 379 0
629 379 0
630 380 0
631 380 0
632 381 0
633 382 0
634 382 0
635 383 0
636 383 0
637 384 0
638 385 0
639 385 0
640 386 0
641 386 0
642 387 0
643 387 0
644 388 0
645 388 0
646 389 0
647 389 0
648 390 0
649 390 0
650 391 0
651 391 0
652 392 0
653 392 0
654 393 0
655 393 0
656 394 0
657 394 0
658 395 0
659 395 0
660 396 0
661 397 0
662 397 0
663 398 0
664 398 0
665 399 0
666 399 0
667 400 0
668 400 0
669 401 0
670 401 0
671 402 0
672 402 0
673 403 0
674 403 0
675 404 0
676 404 0
677 405 0
678 405 0
679 406 0
680 406 0
681 407 0
682 407 0
683 408 0
684 408 0
685 409 0
686 409 0
687 410 0
688 410 0
689 411 0
690 411 0
691 412 0
692 412 0
693 413 0
694 413 0
695 414 0
696 414 0
697 415 0
698 416 0
699 416 0
700 417 0
701 417 0
702 418 0
703 418 0
704 419 0
705 420 0
706 420 0
707 421 0
708 421 0
709 421 0
710 422 0
711 423 0
712 425 0
713 426 0
714 427 0
715 428 0
716 428 0
717 428 0
718 429 0
719 430 0
720 431 0
721 432 0
722 434 0
723 435 0
724 436 0
725 437 0
726 438 0
727 439 0
728 440 0
729 441 0
730 442 0
731 442 0
732 442 0
733 443 0
734 444 0
735 445 0
736 446 0
737 447 0
738 448 0
739 448 0
740 448 0
741 449 0
742 450 0
743 450 0
744 450 0
745 451 0
746 452 0
747 453 0
748 454 0
749 455 0
750 456 0
751 457 0
752 457 0
753 457 0
754 458 0
755 459 0
756 460 0
757 461 0
758 462 0
759 463 0
760 464 0
761 465 0
762 465 0
763 465 0
764 466 0
765 467 0
766 467 0
767 467 0
768 468 0
769 469 0
770 469 0
771 470 0
772 471 0
773 471 0
774 472 0
775 472 0
776 472 0
777 473 0
778 474 0
779 474 0
780 475 0
781 476 0
782 477 0
783 478 0
784 479 0
785 480 0
786 481 0
787 482 0
788 483 0
789 483 0
790 483 0
791 484 0
792 485 0
793 485 0
794 485 0
795 486 0
796 487 0
797 487 0
798 488 0
799 489 0
800 490 0
801 490 0
802 490 0
803 491 0
804 492 0
805 493 0
806 494 0
807 495 0
808 496 0
809 497 0
810 498 0
811 499 0
812 499 0
813 499 0
814 500 0
815 501 0
816 502 0
817 503 0
818 503 0
819 504 0
820 504 0
821 504 0
822 505 0
823 506 0
824 507 0
825 508 0
826 509 0
827 510 0
828 511 0
829 512 0
830 513 0
831 514 0
832 515 0
833 515 0
834 515 0
835 516 0
836 517 0
837 517 0
838 518 0
839 519 0
840 520 0
841 520 0
842 520 0
843 521 0
844 521 0
845 521 0
846 522 0
847 523 0
848 524 0
849 525 0
850 526 0
851 527 0
852 528 0
853 529 0
854 530 0
855 530 0
856 530 0
857 531 0
858 532 0
859 533 0
860 533 0
861 534 0
862 535 0
863 536 0
864 536 0
865 536 0
866 537 0
867 538 0
868 539 0
869 539 0
870 539 0
871 540 0
872 541 0
873 541 0
874 541 0
875 542 0
876 543 0
877 543 0
878 543 0
879 544 0
880 545 0
881 545 0
882 545 0
883 546 0
884 547 0
885 549 0
886 550 0
887 551 0
888 552 0
889 553 0
890 554 0
891 554 0
892 554 0
893 555 0
894 556 0
895 556 0
896 556 0
897 557 0
898 558 0
899 558 0
900 558 0
901 559 0
902 560 0
903 560 0
904 560 0
905 561 0
906 562 0
907 563 0
908 564 0
909 566 0
910 567 0
911 568 0
912 569 0
913 570 0
914 571 0
915 572 0
916 573 0
917 574 0
918 575 0
919 575 0
920 575 0
921 576 0
922 577 0
923 577 0
924 577 0
925 578 0
926 579 0
927 579 0
928 580 0
929 580 0
930 580 0
931 581 0
932 582 0
933 583 0
934 584 0
935 585 0
936 586 0
937 587 0
938 588 0
939 589 0
940 590 0
941 590 0
942 590 0
943 591 0
944 592 0
945 592 0
946 592 0
947 593 0
948 594 0
949 595 0
950 595 0
951 596 0
952 596 0
953 596 0
954 597 0
955 598 0
956 598 0
957 599 0
958 600 0
959 601 0
960 601 0
961 601 0
962 602 0
963 602 0
964 602 0
965 603 0
966 604 0
967 604 0
968 604 0
969 605 0
970 606 0
971 607 0
972 607 0
973 607 0
974 608 0
975 609 0
976 611 0
977 612 0
978 613 0
979 614 0
980 615 0
981 616 0
982 616 0
983 616 0
984 617 0
985 618 0
986 618 0
987 618 0
988 619 0
989 620 0
990 620 0
991 621 0
992 622 0
993 622 0
994 622 0
995 623 0
996 624 0
997 624 0
998 624 0
999 625 0
1000 626 0
1001 627 0
1002 628 0
1003 630 0
1004 631 0
1005 632 0
1006 633 0
1007 634 0
1008 634 0
1009 634 0
1010 635 0
1011 635 0
1012 635 0
1013 636 0
1014 637 0
1015 638 0
1016 638 0
1017 638 0
1018 639 0
1019 640 0
1020 640 0
1021 640 0
1022 641 0
1023 643 0
1024 644 0
1025 645 0
1026 646 0
1027 647 0
1028 648 0
1029 648 0
1030 648 0
1031 649 0
1032 650 0
1033 651 0
1034 653 0
1035 654 0
1036 655 0
1037 656 0
1038 657 0
1039 657 0
1040 657 0
1041 658 0
1042 659 0
1043 659 0
1044 659 0
1045 660 0
1046 661 0
1047 661 0
1048 661 0
1049 662 0
1050 663 0
1051 663 0
1052 663 0
1053 664 0
1054 665 0
1055 665 0
1056 665 0
1057 666 0
1058 667 0
1059 667 0
1060 667 0
1061 668 0
1062 669 0
1063 671 0
1064 672 0
1065 673 0
1066 674 0
1067 675 0
1068 675 0
1069 675 0
1070 676 0
1071 677 0
1072 678 0
1073 679 0
1074 680 0
1075 681 0
1076 681 0
1077 681 0
1078 682 0
1079 683 0
1080 686 0
1081 687 0
1082 687 0
1083 687 0
1084 688 0
1085 689 0
1086 690 0
1087 691 0
1088 694 0
1089 696 0
1090 697 0
1091 698 0
1092 699 0
1093 699 0
1094 699 0
1095 700 0
1096 701 0
1097 703 0
1098 704 0
1099 705 0
1100 706 0
1101 706 0
1102 706 0
1103 707 0
1104 707 0
1105 708 0
1106 708 0
1107 709 0
1108 709 0
1109 710 0
1110 710 0
1111 711 0
1112 711 0
1113 712 0
1114 712 0
1115 713 0
1116 714 0
1117 714 0
1118 715 0
1119 715 0
1120 716 0
1121 716 0
1122 717 0
1123 717 0
1124 718 0
1125 718 0
1126 719 0
1127 720 0
1128 720 0
1129 721 0
1130 721 0
1131 722 0
1132 722 0
1133 723 0
1134 723 0
1135 724 0
1136 724 0
1137 725 0
1138 726 0
1139 726 0
1140 727 0
1141 727 0
1142 728 0
1143 728 0
1144 729 0
1145 729 0
1146 730 0
1147 730 0
1148 731 0
1149 731 0
1150 732 0
1151 732 0
1152 733 0
1153 733 0
1154 734 0
1155 734 0
1156 735 0
1157 736 0
1158 736 0
1159 737 0
1160 737 0
1161 738 0
1162 738 0
1163 739 0
1164 739 0
1165 740 0
1166 740 0
1167 741 0
1168 741 0
1169 742 0
1170 742 0
1171 743 0
1172 743 0
1173 744 0
1174 744 0
1175 745 0
1176 746 0
1177 746 0
1178 747 0
1179 748 0
1180 748 0
1181 749 0
1182 749 0
1183 750 0
1184 750 0
1185 751 0
1186 751 0
1187 752 0
1188 752 0
1189 753 0
1190 753 0
1191 754 0
1192 754 0
1193 755 0
1194 755 0
1195 756 0
1196 756 0
1197 757 0
1198 758 0
1199 758 0
1200 759 0
1201 759 0
1202 760 0
1203 760 0
1204 761 0
1205 761 0
1206 762 0
1207 762 0
1208 763 0
1209 763 0
1210 764 0
1211 764 0
1212 765 0
1213 765 0
1214 766 0
1215 766 0
1216 767 0
1217 767 0
1218 768 0
1219 768 0
1220 769 0
1221 769 0
1222 770 0
1223 770 0
1224 771 0
1225 771 0
1226 772 0
1227 772 0
1228 773 0
1229 773 0
1230 774 0
1231 774 0
1232 775 0
1233 775 0
1234 776 0
1235 777 0
1236 777 0
1237 778 0
1238 778 0
1239 779 0
1240 780 0
1241 780 0
1242 781 0
1243 781 0
1244 782 0
1245 782 0
1246 783 0
1247 783 0
1248 784 0
1249 785 0
1250 785 0
1251 786 0
1252 786 0
1253 787 0
1254 787 0
1255 788 0
1256 788 0
1257 789 0
1258 789 0
1259 790 0
1260 790 0
1261 791 0
1262 791 0
1263 792 0
1264 792 0
1265 793 0
1266 793 0
1267 794 0
1268 794 0
1269 795 0
1270 795 0
1271 796 0
1272 796 0
1273 797 0
1274 797 0
1275 798 0
1276 798 0
1277 799 0
1278 799 0
1279 800 0
1280 800 0
1281 801 0
1282 801 0
1283 802 0
1284 803 0
1285 803 0
1286 804 0
1287 804 0
1288 805 0
1289 805 0
1290 806 0
1291 806 0
1292 807 0
1293 807 0
1294 808 0
1295 808 0
1296 809 0
1297 810 0
1298 810 0
1299 811 0
1300 811 0
1301 812 0
1302 812 0
1303 813 0
1304 813 0
1305 814 0
1306 814 0
1307 815 0
1308 815 0
1309 816 0
1310 816 0
1311 817 0
1312 817 0
1313 818 0
1314 818 0
1315 819 0
1316 819 0
1317 820 0
1318 821 0
1319 821 0
1320 822 0
1321 822 0
1322 823 0
1323 824 0
1324 824 0
1325 825 0
1326 825 0
1327 826 0
1328 826 0
1329 827 0
1330 828 0
1331 828 0
1332 829 0
1333 829 0
1334 830 0
1335 830 0
1336 831 0
1337 831 0
1338 832 0
1339 832 0
1340 833 0
1341 833 0
1342 834 0
1343 834 0
1344 835 0
1345 835 0
1346 836 0
1347 836 0
1348 837 0
1349 837 0
1350 838 0
1351 838 0
1352 839 0
1353 839 0
1354 840 0
1355 840 0
1356 841 0
1357 841 0
1358 842 0
1359 842 0
1360 843 0
1361 843 0
1362 844 0
1363 844 0
1364 845 0
1365 846 0
1366 846 0
1367 847 0
1368 847 0
1369 848 0
1370 848 0
1371 849 0
1372 849 0
1373 850 0
1374 850 0
1375 851 0
1376 852 0
1377 852 0
1378 853 0
1379 853 0
1380 854 0
1381 854 0
1382 855 0
1383 855 0
1384 856 0
1385 856 0
1386 857 0
1387 857 0
1388 858 0
1389 858 0
1390 859 0
1391 859 0
1392 860 0
1393 860 0
1394 861 0
1395 862 0
1396 862 0
1397 863 0
1398 863 0
1399 864 0
1400 865 0
1401 865 0
1402 866 0
1403 866 0
1404 867 0
1405 867 0
1406 868 0
1407 868 0
1408 869 0
1409 869 0
1410 870 0
1411 870 0
1412 871 0
1413 871 0
1414 872 0
1415 872 0
1416 873 0
1417 874 0
1418 874 0
1419 875 0
1420 875 0
1421 876 0
1422 876 0
1423 877 0
1424 877 0
1425 878 0
1426 879 0
1427 879 0
1428 880 0
1429 880 0
1430 881 0
1431 881 0
1432 882 0
1433 882 0
1434 883 0
1435 883 0
1436 884 0
1437 884 0
1438 885 0
1439 885 0
1440 886 0
1441 886 0
1442 887 0
1443 887 0
1444 888 0
1445 888 0
1446 889 0
1447 889 0
1448 890 0
1449 890 0
1450 891 0
1451 891 0
1452 892 0
1453 892 0
1454 893 0
1455 893 0
1456 894 0
1457 894 0
1458 895 0
1459 896 0
1460 896 0
1461 897 0
1462 897 0
1463 898 0
1464 898 0
1465 899 0
1466 899 0
1467 900 0
1468 901 0
1469 901 0
1470 902 0
1471 902 0
1472 903 0
1473 903 0
1474 904 0
1475 904 0
1476 905 0
1477 905 0
1478 906 0
1479 906 0
1480 907 0
1481 907 0
1482 908 0
1483 908 0
1484 909 0
1485 909 0
1486 910 0
1487 910 0
1488 911 0
1489 911 0
1490 912 0
1491 912 0
1492 913 0
1493 913 0
1494 914 0
1495 915 0
1496 915 0
1497 916 0
1498 916 0
1499 917 0
1500 917 0
1501 918 0
1502 918 0
1503 919 0
1504 919 0
1505 920 0
1506 920 0
1507 921 0
1508 921 0
1509 922 0
1510 922 0
1511 923 0
1512 923 0
1513 924 0
1514 924 0
1515 925 0
1516 925 0
1517 926 0
1518 926 0
1519 927 0
1520 927 0
1521 928 0
1522 928 0
1523 929 0
1524 929 0
1525 930 0
1526 931 0
1527 931 0
1528 932 0
1529 932 0
1530 933 0
1531 933 0
1532 934 0
1533 934 0
1534 935 0
1535 935 0
1536 936 0
1537 936 0
1538 937 0
1539 937 0
1540 938 0
1541 939 0
1542 939 0
1543 940 0
1544 940 0
1545 941 0
1546 941 0
1547 942 0
1548 942 0
1549 943 0
1550 943 0
1551 944 0
1552 944 0
1553 945 0
1554 945 0
1555 946 0
1556 946 0
1557 947 0
1558 947 0
1559 948 0
1560 948 0
1561 949 0
1562 949 0
1563 950 0
1564 950 0
1565 951 0
1566 951 0
1567 952 0
1568 953 0
1569 953 0
1570 954 0
1571 954 0
1572 955 0
1573 955 0
1574 956 0
1575 957 0
1576 957 0
1577 958 0
1578 958 0
1579 959 0
1580 959 0
1581 960 0
1582 960 0
1583 961 0
1584 961 0
1585 962 0
1586 962 0
1587 963 0
1588 964 0
1589 964 0
1590 965 0
1591 965 0
1592 966 0
1593 966 0
1594 967 0
1595 967 0
1596 968 0
1597 969 0
1598 969 0
1599 970 0
1600 970 0
1601 971 0
1602 971 0
1603 972 0
1604 972 0
1605 973 0
1606 973 0
1607 974 0
1608 974 0
1609 975 0
1610 975 0
1611 976 0
1612 976 0
1613 977 0
1614 977 0
1615 978 0
1616 978 0
1617 979 0
1618 979 0
1619 980 0
1620 980 0
1621 981 0
1622 981 0
1623 982 0
1624 982 0
1625 983 0
1626 983 0
1627 984 0
1628 984 0
1629 985 0
1630 985 0
1631 986 0
1632 987 0
1633 987 0
1634 988 0
1635 988 0
1636 989 0
1637 990 0
1638 991 0
1639 991 0
1640 992 0
1641 992 0
1642 993 0
1643 993 0
1644 994 0
1645 995 0
1646 995 0
1647 996 0
1648 996 0
1649 997 0
1650 997 0
1651 998 0
1652 998 0
1653 999 0
1654 999 0
1655 1000 0
1656 1000 0
1657 1001 0
1658 1001 0
1659 1002 0
1660 1002 0
1661 1003 0
1662 1003 0
1663 1004 0
1664 1004 0
1665 1005 0
1666 1005 0
1667 1006 0
1668 1006 0
1669 1007 0
1670 1007 0
1671 1008 0
1672 1008 0
1673 1009 0
1674 1009 0
1675 1010 0
1676 1010 0
1677 1011 0
1678 1012 0
1679 1012 0
1680 1013 0
1681 1013 0
1682 1014 0
1683 1014 0
1684 1015 0
1685 1015 0
1686 1016 0
1687 1016 0
1688 1017 0
1689 1018 0
1690 1018 0
1691 1019 0
1692 1019 0
1693 1020 0
1694 1020 0
1695 1021 0
1696 1021 0
1697 1022 0
1698 1022 0
1699 1023 0
1700 1023 0
1701 1024 0
1702 1024 0
1703 1025 0
1704 1025 0
1705 1026 0
1706 1026 0
1707 1027 0
1708 1027 0
1709 1028 0
1710 1028 0
1711 1029 0
1712 1029 0
1713 1030 0
1714 1030 0
1715 1031 0
1716 1031 0
1717 1032 0
1718 1032 0
1719 1033 0
1720 1033 0
1721 1034 0
1722 1034 0
1723 1035 0
1724 1036 0
1725 1036 0
1726 1037 0
1727 1037 0
1728 1038 0
1729 1038 0
1730 1039 0
1731 1039 0
1732 1040 0
1733 1040 0
1734 1041 0
1735 1041 0
1736 1042 0
1737 1043 0
1738 1043 0
1739 1044 0
1740 1044 0
1741 1045 0
1742 1045 0
1743 1046 0
1744 1046 0
1745 1047 0
1746 1048 0
1747 1048 0
1748 1049 0
1749 1049 0
1750 1050 0
1751 1050 0
1752 1051 0
1753 1051 0
1754 1052 0
1755 1053 0
1756 1053 0
1757 1054 0
1758 1055 0
1759 1055 0
1760 1056 0
1761 1057 0
1762 1057 0
1763 1058 0
1764 1058 0
1765 1059 0
1766 1059 0
1767 1060 0
1768 1060 0
1769 1061 0
1770 1061 0
1771 1062 0
1772 1062 0
1773 1063 0
1774 1063 0
1775 1064 0
1776 1064 0
1777 1065 0
1778 1065 0
1779 1066 0
1780 1066 0
1781 1067 0
1782 1067 0
1783 1068 0
1784 1068 0
1785 1069 0
1786 1069 0
1787 1070 0
1788 1070 0
1789 1071 0
1790 1071 0
1791 1072 0
1792 1072 0
1793 1073 0
1794 1073 0
1795 1074 0
1796 1074 0
1797 1075 0
1798 1075 0
1799 1076 0
1800 1076 0
1801 1077 0
1802 1077 0
1803 1078 0
1804 1078 0
1805 1079 0
1806 1079 0
1807 1080 0
1808 1080 0
1809 1081 0
1810 1081 0
1811 1082 0
1812 1082 0
1813 1083 0
1814 1083 0
1815 1084 0
1816 1084 0
1817 1085 0
1818 1086 0
1819 1086 0
1820 1087 0
1821 1087 0
1822 1088 0
1823 1088 0
1824 1089 0
1825 1089 0
1826 1090 0
1827 1090 0
1828 1091 0
1829 1091 0
1830 1092 0
1831 1092 0
1832 1093 0
1833 1093 0
1834 1094 0
1835 1094 0
1836 1095 0
1837 1096 0
1838 1096 0
1839 1097 0
1840 1097 0
1841 1098 0
1842 1098 0
1843 1099 0
1844 1099 0
1845 1100 0
1846 1100 0
1847 1101 0
1848 1101 0
1849 1102 0
1850 1102 0
1851 1103 0
1852 1104 0
1853 1105 0
1854 1106 0
1855 1107 0
1856 1108 0
1857 1109 0
1858 1110 0
1859 1110 0
1860 1110 0
1861 1111 0
1862 1112 0
1863 1112 0
1864 1113 0
1865 1114 0
1866 1114 0
1867 1114 0
1868 1115 0
1869 1116 0
1870 1116 0
1871 1116 0
1872 1117 0
1873 1118 0
1874 1119 0
1875 1120 0
1876 1121 0
1877 1122 0
1878 1123 0
1879 1124 0
1880 1125 0
1881 1125 0
1882 1125 0
1883 1126 0
1884 1127 0
1885 1128 0
1886 1128 0
1887 1129 0
1888 1130 0
1889 1130 0
1890 1130 0
1891 1131 0
1892 1131 0
1893 1132 0
1894 1133 0
1895 1133 0
1896 1133 0
1897 1134 0
1898 1135 0
1899 1136 0
1900 1136 0
1901 1136 0
1902 1137 0
1903 1138 0
1904 1138 0
1905 1138 0
1906 1139 0
1907 1140 0
1908 1140 0
1909 1140 0
1910 1141 0
1911 1142 0
1912 1142 0
1913 1143 0
1914 1144 0
1915 1144 0
1916 1144 0
1917 1145 0
1918 1146 0
1919 1148 0
1920 1149 0
1921 1150 0
1922 1151 0
1923 1152 0
1924 1153 0
1925 1153 0
1926 1153 0
1927 1154 0
1928 1154 0
1929 1154 0
1930 1155 0
1931 1156 0
1932 1157 0
1933 1157 0
1934 1157 0
1935 1158 0
1936 1159 0
1937 1159 0
1938 1159 0
1939 1160 0
1940 1161 0
1941 1162 0
1942 1163 0
1943 1165 0
1944 1166 0
1945 1167 0
1946 1167 0
1947 1167 0
1948 1168 0
1949 1170 0
1950 1171 0
1951 1172 0
1952 1173 0
1953 1174 0
1954 1175 0
1955 1176 0
1956 1177 0
1957 1177 0
1958 1177 0
1959 1178 0
1960 1179 0
1961 1179 0
1962 1179 0
1963 1180 0
1964 1181 0
1965 1181 0
1966 1181 0
1967 1182 0
1968 1183 0
1969 1183 0
1970 1183 0
1971 1184 0
1972 1185 0
1973 1186 0
1974 1188 0
1975 1189 0
1976 1190 0
1977 1191 0
1978 1192 0
1979 1192 0
1980 1192 0
1981 1193 0
1982 1194 0
1983 1194 0
1984 1194 0
1985 1195 0
1986 1195 0
1987 1195 0
1988 1196 0
1989 1197 0
1990 1198 0
1991 1198 0
1992 1198 0
1993 1199 0
1994 1200 0
1995 1200 0
1996 1200 0
1997 1201 0
1998 1202 0
1999 1202 0
2000 1202 0
2001 1203 0
2002 1204 0
2003 1205 0
2004 1206 0
2005 1208 0
2006 1209 0
2007 1210 0
2008 1210 0
2009 1210 0
2010 1211 0
2011 1212 0
2012 1214 0
2013 1215 0
2014 1216 0
2015 1218 0
2016 1218 0
2017 1218 0
2018 1219 0
2019 1220 0
2020 1221 0
2021 1222 0
2022 1223 0
2023 1224 0
2024 1224 0
2025 1224 0
2026 1225 0
2027 1227 0
2028 1228 0
2029 1230 0
2030 1231 0
2031 1232 0
2032 1234 0
2033 1235 0
2034 1236 0
2035 1236 0
2036 1236 0
2037 1238 0
2038 1239 0
2039 1240 0
2040 1241 0
2041 1241 0
2042 1241 0
2043 1242 0
2044 1243 0
2045 1243 0
2046 1243 0
2047 1244 0
2048 1245 0
2049 1245 0
2050 1245 0
2051 1246 0
2052 1246 0
2053 1246 0
2054 1247 0
2055 1248 0
2056 1249 0
2057 1249 0
2058 1249 0
2059 1250 0
2060 1251 0
2061 1251 0
2062 1251 0
2063 1252 0
2064 1253 0
2065 1253 0
2066 1253 0
2067 1254 0
2068 1255 0
2069 1256 0
2070 1257 0
2071 1259 0
2072 1260 0
2073 1261 0
2074 1261 0
2075 1261 0
2076 1262 0
2077 1263 0
2078 1265 0
2079 1266 0
2080 1267 0
2081 1269 0
2082 1269 0
2083 1269 0
2084 1270 0
2085 1271 0
2086 1272 0
2087 1273 0
2088 1274 0
2089 1275 0
2090 1275 0
2091 1275 0
2092 1276 0
2093 1278 0
2094 1279 0
2095 1280 0
2096 1281 0
2097 1283 0
2098 1284 0
2099 1285 0
2100 1285 0
2101 1285 0
2102 1286 0
2103 1287 0
2104 1287 0
2105 1288 0
2106 1289 0
2107 1289 0
2108 1289 0
2109 1290 0
2110 1290 0
2111 1290 0
2112 1291 0
2113 1292 0
2114 1292 0
2115 1292 0
2116 1293 0
2117 1294 0
2118 1294 0
2119 1294 0
2120 1295 0
2121 1296 0
2122 1297 0
2123 1297 0
2124 1297 0
2125 1298 0
2126 1299 0
2127 1300 0
2128 1302 0
2129 1303 0
2130 1304 0
2131 1305 0
2132 1305 0
2133 1305 0
2134 1306 0
2135 1308 0
2136 1309 0
2137 1309 0
2138 1309 0
2139 1310 0
2140 1311 0
2141 1312 0
2142 1313 0
2143 1314 0
2144 1315 0
2145 1316 0
2146 1317 0
2147 1318 0
2148 1320 0
2149 1321 0
2150 1321 0
2151 1321 0
2152 1322 0
2153 1323 0
2154 1324 0
2155 1324 0
2156 1324 0
2157 1325 0
2158 1326 0
2159 1326 0
2160 1326 0
2161 1327 0
2162 1328 0
2163 1328 0
2164 1328 0
2165 1329 0
2166 1330 0
2167 1330 0
2168 1330 0
2169 1331 0
2170 1332 0
2171 1332 0
2172 1332 0
2173 1333 0
2174 1334 0
2175 1334 0
2176 1334 0
2177 1335 0
2178 1336 0
2179 1336 0
2180 1336 0
2181 1337 0
2182 1338 0
2183 1340 0
2184 1341 0
2185 1342 0
2186 1343 0
2187 1344 0
2188 1344 0
2189 1344 0
2190 1345 0
2191 1346 0
2192 1347 0
2193 1348 0
2194 1349 0
2195 1350 0
2196 1350 0
2197 1350 0
2198 1351 0
2199 1352 0
2200 1352 0
2201 1352 0
2202 1353 0
2203 1354 0
2204 1355 0
2205 1356 0
2206 1359 0
2207 1360 0
2208 1361 0
2209 1363 0
2210 1364 0
2211 1365 0
2212 1366 0
2213 1366 0
2214 1366 0
2215 1367 0
2216 1368 0
2217 1368 0
2218 1369 0
2219 1370 0
2220 1370 0
2221 1370 0
2222 1371 0
2223 1371 0
2224 1371 0
2225 1372 0
2226 1373 0
2227 1373 0
2228 1373 0
2229 1374 0
2230 1375 0
2231 1376 0
2232 1376 0
2233 1376 0
2234 1377 0
2235 1378 0
2236 1378 0
2237 1378 0
2238 1379 0
2239 1381 0
2240 1382 0
2241 1383 0
2242 1384 0
2243 1385 0
2244 1386 0
2245 1386 0
2246 1386 0
2247 1387 0
2248 1388 0
2249 1388 0
2250 1388 0
2251 1389 0
2252 1390 0
2253 1391 0
2254 1392 0
2255 1393 0
2256 1394 0
2257 1395 0
2258 1396 0
2259 1396 0
2260 1396 0
2261 1397 0
2262 1398 0
2263 1399 0
2264 1401 0
2265 1402 0
2266 1403 0
2267 1403 0
2268 1403 0
2269 1404 0
2270 1404 0
2271 1404 0
2272 1405 0
2273 1406 0
2274 1407 0
2275 1409 0
2276 1410 0
2277 1411 0
2278 1412 0
2279 1412 0
2280 1412 0
2281 1413 0
2282 1414 0
2283 1415 0
2284 1416 0
2285 1417 0
2286 1418 0
2287 1419 0
2288 1420 0
2289 1420 0
2290 1420 0
2291 1421 0
2292 1422 0
2293 1423 0
2294 1424 0
2295 1425 0
2296 1426 0
2297 1427 0
2298 1427 0
2299 1427 0
2300 1428 0
2301 1429 0
2302 1430 0
2303 1431 0
2304 1432 0
2305 1433 0
2306 1434 0
2307 1435 0
2308 1435 0
2309 1435 0
2310 1436 0
2311 1437 0
2312 1437 0
2313 1437 0
2314 1438 0
2315 1439 0
2316 1439 0
2317 1440 0
2318 1441 0
2319 1441 0
2320 1442 0
2321 1442 0
2322 1442 0
2323 1443 0
2324 1444 0
2325 1444 0
2326 1445 0
2327 1446 0
2328 1446 0
2329 1446 0
2330 1447 0
2331 1449 0
2332 1450 0
2333 1451 0
2334 1452 0
2335 1453 0
2336 1454 0
2337 1454 0
2338 1454 0
2339 1455 0
2340 1456 0
2341 1457 0
2342 1458 0
2343 1459 0
2344 1460 0
2345 1461 0
2346 1462 0
2347 1462 0
2348 1462 0
2349 1463 0
2350 1464 0
2351 1465 0
2352 1466 0
2353 1467 0
2354 1468 0
2355 1469 0
2356 1469 0
2357 1469 0
2358 1470 0
2359 1471 0
2360 1472 0
2361 1473 0
2362 1474 0
2363 1475 0
2364 1476 0
2365 1477 0
2366 1477 0
2367 1477 0
2368 1478 0
2369 1479 0
2370 1479 0
2371 1480 0
2372 1481 0
2373 1481 0
2374 1482 0
2375 1483 0
2376 1483 0
2377 1483 0
2378 1484 0
2379 1484 0
2380 1485 0
2381 1486 0
2382 1486 0
2383 1486 0
2384 1487 0
2385 1488 0
2386 1489 0
2387 1489 0
2388 1489 0
2389 1490 0
2390 1491 0
2391 1491 0
2392 1491 0
2393 1492 0
2394 1492 0
2395 1492 0
2396 1493 0
2397 1494 0
2398 1495 0
2399 1495 0
2400 1495 0
2401 1496 0
2402 1497 0
2403 1497 0
2404 1497 0
2405 1498 0
2406 1499 0
2407 1499 0
2408 1499 0
2409 1500 0
2410 1501 0
2411 1502 0
2412 1503 0
2413 1505 0
2414 1506 0
2415 1507 0
2416 1507 0
2417 1507 0
2418 1508 0
2419 1509 0
2420 1511 0
2421 1512 0
2422 1513 0
2423 1515 0
2424 1515 0
2425 1515 0
2426 1516 0
2427 1517 0
2428 1518 0
2429 1519 0
2430 1520 0
2431 1521 0
2432 1522 0
2433 1523 0
2434 1525 0
2435 1526 0
2436 1527 0
2437 1527 0
2438 1527 0
2439 1528 0
2440 1529 0
2441 1529 0
2442 1529 0
2443 1530 0
2444 1531 0
2445 1531 0
2446 1531 0
2447 1532 0
2448 1533 0
2449 1533 0
2450 1533 0
2451 1534 0
2452 1534 0
2453 1534 0
2454 1535 0
2455 1536 0
2456 1536 0
2457 1536 0
2458 1537 0
2459 1538 0
2460 1538 0
2461 1538 0
2462 1539 0
2463 1540 0
2464 1541 0
2465 1541 0
2466 1541 0
2467 1542 0
2468 1543 0
2469 1544 0
2470 1546 0
2471 1547 0
2472 1548 0
2473 1549 0
2474 1549 0
2475 1549 0
2476 1550 0
2477 1552 0
2478 1553 0
2479 1554 0
2480 1555 0
2481 1557 0
2482 1557 0
2483 1558 0
2484 1559 0
2485 1559 0
2486 1559 0
2487 1561 0
2488 1562 0
2489 1563 0
2490 1564 0
2491 1565 0
2492 1566 0
2493 1567 0
2494 1568 0
2495 1570 0
2496 1571 0
2497 1571 0
2498 1571 0
2499 1572 0
2500 1574 0
2501 1575 0
2502 1576 0
2503 1576 0
2504 1576 0
2505 1577 0
2506 1577 0
2507 1577 0
2508 1578 0
2509 1580 0
2510 1582 0
2511 1583 0
2512 1584 0
2513 1585 0
2514 1586 0
2515 1587 0
2516 1588 0
2517 1589 0
2518 1590 0
2519 1591 0
2520 1591 0
2521 1591 0
2522 1592 0
2523 1593 0
2524 1594 0
2525 1595 0
2526 1596 0
2527 1597 0
2528 1598 0
2529 1598 0
2530 1598 0
2531 1599 0
2532 1600 0
2533 1600 0
2534 1600 0
2535 1601 0
2536 1602 0
2537 1603 0
2538 1604 0
2539 1605 0
2540 1606 0
2541 1607 0
2542 1608 0
2543 1608 0
2544 1608 0
2545 1609 0
2546 1610 0
2547 1610 0
2548 1610 0
2549 1611 0
2550 1612 0
2551 1612 0
2552 1614 0
2553 1614 0
2554 1615 0
2555 1615 0
2556 1615 0
2557 1616 0
2558 1617 0
2559 1617 0
2560 1618 0
2561 1619 0
2562 1619 0
2563 1619 0
2564 1620 0
2565 1622 0
2566 1623 0
2567 1624 0
2568 1625 0
2569 1626 0
2570 1627 0
2571 1627 0
2572 1627 0
2573 1628 0
2574 1629 0
2575 1630 0
2576 1631 0
2577 1632 0
2578 1633 0
2579 1634 0
2580 1635 0
2581 1635 0
2582 1635 0
2583 1636 0
2584 1637 0
2585 1638 0
2586 1639 0
2587 1639 0
2588 1639 0
2589 1640 0
2590 1641 0
2591 1642 0
2592 1643 0
2593 1644 0
2594 1645 0
2595 1646 0
2596 1646 0
2597 1646 0
2598 1647 0
2599 1648 0
2600 1649 0
2601 1650 0
2602 1651 0
2603 1652 0
2604 1654 0
2605 1654 0
2606 1654 0
2607 1655 0
2608 1656 0
2609 1656 0
2610 1657 0
2611 1658 0
2612 1658 0
2613 1659 0
2614 1660 0
2615 1660 0
2616 1660 0
2617 1661 0
2618 1661 0
2619 1662 0
2620 1663 0
2621 1663 0
2622 1663 0
2623 1664 0
2624 1665 0
2625 1665 0
2626 1665 0
2627 1666 0
2628 1667 0
2629 1667 0
2630 1667 0
2631 1668 0
2632 1670 0
2633 1671 0
2634 1673 0
2635 1674 0
2636 1675 0
2637 1676 0
2638 1677 0
2639 1678 0
2640 1679 0
2641 1680 0
2642 1681 0
2643 1681 0
2644 1681 0
2645 1682 0
2646 1683 0
2647 1683 0
2648 1683 0
2649 1684 0
2650 1685 0
2651 1686 0
2652 1687 0
2653 1688 0
2654 1689 0
2655 1690 0
2656 1690 0
2657 1690 0
2658 1691 0
2659 1692 0
2660 1693 0
2661 1694 0
2662 1695 0
2663 1696 0
2664 1697 0
2665 1698 0
2666 1698 0
2667 1698 0
2668 1699 0
2669 1700 0
2670 1700 0
2671 1700 0
2672 1701 0
2673 1702 0
2674 1702 0
2675 1703 0
2676 1704 0
2677 1704 0
2678 1705 0
2679 1705 0
2680 1705 0
2681 1706 0
2682 1707 0
2683 1707 0
2684 1708 0
2685 1709 0
2686 1710 0
2687 1711 0
2688 1712 0
2689 1713 0
2690 1714 0
2691 1715 0
2692 1716 0
2693 1716 0
2694 1716 0
2695 1717 0
2696 1718 0
2697 1718 0
2698 1719 0
2699 1720 0
2700 1720 0
2701 1721 0
2702 1722 0
2703 1722 0
2704 1722 0
2705 1723 0
2706 1724 0
2707 1724 0
2708 1724 0
2709 1725 0
2710 1726 0
2711 1726 0
2712 1726 0
2713 1727 0
2714 1728 0
2715 1729 0
2716 1731 0
2717 1732 0
2718 1733 0
2719 1734 0
2720 1734 0
2721 1734 0
2722 1735 0
2723 1736 0
2724 1737 0
2725 1739 0
2726 1740 0
2727 1741 0
2728 1742 0
2729 1742 0
2730 1742 0
2731 1744 0
2732 1745 0
2733 1746 0
2734 1747 0
2735 1748 0
2736 1749 0
2737 1749 0
2738 1750 0
2739 1751 0
2740 1752 0
2741 1753 0
2742 1754 0
2743 1755 0
2744 1756 0
2745 1756 0
2746 1756 0
2747 1757 0
2748 1758 0
2749 1759 0
2750 1760 0
2751 1761 0
2752 1762 0
2753 1762 0
2754 1762 0
2755 1763 0
2756 1764 0
2757 1765 0
2758 1766 0
2759 1768 0
2760 1769 0
2761 1770 0
2762 1770 0
2763 1770 0
2764 1772 0
2765 1772 0
2766 1773 0
2767 1774 0
2768 1774 0
2769 1775 0
2770 1776 0
2771 1776 0
2772 1777 0
2773 1777 0
2774 1777 0
2775 1778 0
2776 1779 0
2777 1779 0
2778 1780 0
2779 1781 0
2780 1782 0
2781 1783 0
2782 1784 0
2783 1785 0
2784 1786 0
2785 1788 0
2786 1788 0
2787 1788 0
2788 1789 0
2789 1790 0
2790 1790 0
2791 1791 0
2792 1792 0
2793 1793 0
2794 1793 0
2795 1793 0
2796 1794 0
2797 1795 0
2798 1796 0
2799 1797 0
2800 1798 0
2801 1799 0
2802 1800 0
2803 1801 0
2804 1802 0
2805 1803 0
2806 1804 0
2807 1804 0
2808 1804 0
2809 1805 0
2810 1806 0
2811 1806 0
2812 1806 0
2813 1807 0
2814 1808 0
2815 1808 0
2816 1809 0
2817 1810 0
2818 1811 0
2819 1813 0
2820 1814 0
2821 1815 0
2822 1816 0
2823 1816 0
2824 1816 0
2825 1817 0
2826 1818 0
2827 1819 0
2828 1819 0
2829 1820 0
2830 1821 0
2831 1821 0
2832 1821 0
2833 1822 0
2834 1822 0
2835 1823 0
2836 1824 0
2837 1825 0
2838 1825 0
2839 1825 0
2840 1826 0
2841 1826 0
2842 1826 0
2843 1827 0
2844 1828 0
2845 1828 0
2846 1828 0
2847 1829 0
2848 1831 0
2849 1832 0
2850 1833 0
2851 1834 0
2852 1835 0
2853 1836 0
2854 1837 0
2855 1838 0
2856 1838 0
2857 1838 0
2858 1839 0
2859 1839 0
2860 1839 0
2861 1840 0
2862 1841 0
2863 1841 0
2864 1841 0
2865 1842 0
2866 1843 0
2867 1843 0
2868 1843 0
2869 1844 0
2870 1845 0
2871 1846 0
2872 1848 0
2873 1849 0
2874 1850 0
2875 1851 0
2876 1851 0
2877 1852 0
2878 1852 0
2879 1853 0
2880 1854 0
2881 1854 0
2882 1855 0
2883 1855 0
2884 1856 0
2885 1856 0
2886 1857 0
2887 1857 0
2888 1858 0
2889 1858 0
2890 1859 0
2891 1859 0
2892 1860 0
2893 1860 0
2894 1861 0
2895 1861 0
2896 1862 0
2897 1862 0
2898 1863 0
2899 1863 0
2900 1864 0
2901 1864 0
2902 1865 0
2903 1865 0
2904 1866 0
2905 1866 0
2906 1867 0
2907 1867 0
2908 1868 0
2909 1868 0
2910 1869 0
2911 1869 0
2912 1870 0
2913 1870 0
2914 1871 0
2915 1872 0
2916 1872 0
2917 1873 0
2918 1873 0
2919 1874 0
2920 1874 0
2921 1875 0
2922 1875 0
2923 1876 0
2924 1876 0
2925 1877 0
2926 1878 0
2927 1878 0
2928 1879 0
2929 1879 0
2930 1880 0
2931 1880 0
2932 1881 0
2933 1881 0
2934 1882 0
2935 1882 0
2936 1883 0
2937 1883 0
2938 1884 0
2939 1884 0
2940 1885 0
2941 1885 0
2942 1886 0
2943 1886 0
2944 1887 0
2945 1887 0
2946 1888 0
2947 1888 0
2948 1889 0
2949 1889 0
2950 1890 0
2951 1890 0
2952 1891 0
2953 1891 0
2954 1892 0
2955 1893 0
2956 1893 0
2957 1894 0
2958 1894 0
2959 1895 0
2960 1896 0
2961 1896 0
2962 1897 0
2963 1897 0
2964 1898 0
2965 1898 0
2966 1899 0
2967 1899 0
2968 1900 0
2969 1900 0
2970 1901 0
2971 1901 0
2972 1902 0
2973 1902 0
2974 1903 0
2975 1903 0
2976 1904 0
2977 1905 0
2978 1905 0
2979 1906 0
2980 1906 0
2981 1907 0
2982 1907 0
2983 1908 0
2984 1908 0
2985 1909 0
2986 1910 0
2987 1910 0
2988 1911 0
2989 1912 0
2990 1913 0
2991 1913 0
2992 1914 0
2993 1914 0
2994 1915 0
2995 1915 0
2996 1916 0
2997 1916 0
2998 1917 0
2999 1918 0
3000 1918 0
3001 1919 0
3002 1919 0
3003 1920 0
3004 1920 0
3005 1921 0
3006 1921 0
3007 1922 0
3008 1922 0
3009 1923 0
3010 1923 0
3011 1924 0
3012 1924 0
3013 1925 0
3014 1926 0
3015 1926 0
3016 1927 0
3017 1927 0
3018 1928 0
3019 1929 0
3020 1929 0
3021 1930 0
3022 1930 0
3023 1931 0
3024 1931 0
3025 1932 0
3026 1932 0
3027 1933 0
3028 1933 0
3029 1934 0
3030 1935 0
3031 1935 0
3032 1936 0
3033 1936 0
3034 1937 0
3035 1937 0
3036 1938 0
3037 1938 0
3038 1939 0
3039 1939 0
3040 1940 0
3041 1940 0
3042 1941 0
3043 1941 0
3044 1942 0
3045 1942 0
3046 1943 0
3047 1943 0
3048 1944 0
3049 1944 0
3050 1945 0
3051 1945 0
3052 1946 0
3053 1946 0
3054 1947 0
3055 1947 0
3056 1948 0
3057 1948 0
3058 1949 0
3059 1949 0
3060 1950 0
3061 1950 0
3062 1951 0
3063 1951 0
3064 1952 0
3065 1952 0
3066 1953 0
3067 1954 0
3068 1954 0
3069 1955 0
3070 1955 0
3071 1956 0
3072 1956 0
3073 1957 0
3074 1958 0
3075 1958 0
3076 1959 0
3077 1959 0
3078 1960 0
3079 1960 0
3080 1961 0
3081 1962 0
3082 1962 0
3083 1963 0
3084 1963 0
3085 1964 0
3086 1964 0
3087 1965 0
3088 1965 0
3089 1966 0
3090 1967 0
3091 1967 0
3092 1968 0
3093 1968 0
3094 1969 0
3095 1969 0
3096 1970 0
3097 1970 0
3098 1971 0
3099 1971 0
3100 1972 0
3101 1972 0
3102 1973 0
3103 1974 0
3104 1974 0
3105 1975 0
3106 1975 0
3107 1976 0
3108 1976 0
3109 1977 0
3110 1977 0
3111 1978 0
3112 1978 0
3113 1979 0
3114 1979 0
3115 1980 0
3116 1980 0
3117 1981 0
3118 1981 0
3119 1982 0
3120 1982 0
3121 1983 0
3122 1984 0
3123 1984 0
3124 1985 0
3125 1986 0
3126 1987 0
3127 1987 0
3128 1988 0
3129 1989 0
3130 1989 0
3131 1990 0
3132 1991 0
3133 1991 0
3134 1992 0
3135 1993 0
3136 1993 0
3137 1994 0
3138 1994 0
3139 1995 0
3140 1995 0
3141 1996 0
3142 1997 0
3143 1997 0
3144 1998 0
3145 1998 0
3146 1999 0
3147 1999 0
3148 2000 0
3149 2000 0
3150 2001 0
3151 2001 0
3152 2002 0
3153 2002 0
3154 2003 0
3155 2003 0
3156 2005 0
3157 2005 0
3158 2006 0
3159 2006 0
3160 2007 0
3161 2007 0
3162 2008 0
3163 2009 0
3164 2009 0
3165 2010 0
3166 2010 0
3167 2011 0
3168 2011 0
3169 2012 0
3170 2012 0
3171 2013 0
3172 2013 0
3173 2014 0
3174 2015 0
3175 2015 0
3176 2016 0
3177 2016 0
3178 2017 0
3179 2017 0
3180 2018 0
3181 2018 0
3182 2019 0
3183 2019 0
3184 2020 0
3185 2021 0
3186 2021 0
3187 2022 0
3188 2022 0
3189 2023 0
3190 2023 0
3191 2024 0
3192 2024 0
3193 2025 0
3194 2025 0
3195 2026 0
3196 2026 0
3197 2027 0
3198 2027 0
3199 2028 0
3200 2028 0
3201 2029 0
3202 2030 0
3203 2030 0
3204 2031 0
3205 2031 0
3206 2032 0
3207 2032 0
3208 2033 0
3209 2033 0
3210 2034 0
3211 2034 0
3212 2035 0
3213 2035 0
3214 2036 0
3215 2036 0
3216 2037 0
3217 2037 0
3218 2038 0
3219 2038 0
3220 2039 0
3221 2039 0
3222 2040 0
3223 2040 0
3224 2041 0
3225 2041 0
3226 2042 0
3227 2042 0
3228 2043 0
3229 2043 0
3230 2044 0
3231 2044 0
3232 2045 0
3233 2045 0
3234 2046 0
3235 2046 0
3236 2047 0
3237 2047 0
3238 2048 0
3239 2048 0
3240 2049 0
3241 2050 0
3242 2050 0
3243 2051 0
3244 2051 0
3245 2052 0
3246 2053 0
3247 2053 0
3248 2054 0
3249 2054 0
3250 2055 0
3251 2055 0
3252 2057 0
3253 2057 0
3254 2058 0
3255 2059 0
3256 2059 0
3257 2060 0
3258 2060 0
3259 2061 0
3260 2061 0
3261 2062 0
3262 2063 0
3263 2064 0
3264 2064 0
3265 2065 0
3266 2065 0
3267 2066 0
3268 2066 0
3269 2067 0
3270 2067 0
3271 2068 0
3272 2068 0
3273 2069 0
3274 2069 0
3275 2070 0
3276 2070 0
3277 2071 0
3278 2071 0
3279 2072 0
3280 2072 0
3281 2073 0
3282 2073 0
3283 2074 0
3284 2074 0
3285 2075 0
3286 2075 0
3287 2076 0
3288 2076 0
3289 2077 0
3290 2077 0
3291 2078 0
3292 2078 0
3293 2079 0
3294 2079 0
3295 2080 0
3296 2080 0
3297 2081 0
3298 2081 0
3299 2082 0
3300 2082 0
3301 2083 0
3302 2083 0
3303 2084 0
3304 2084 0
3305 2085 0
3306 2085 0
3307 2086 0
3308 2087 0
3309 2087 0
3310 2088 0
3311 2088 0
3312 2089 0
3313 2089 0
3314 2090 0
3315 2090 0
3316 2091 0
3317 2091 0
3318 2092 0
3319 2092 0
3320 2093 0
3321 2093 0
3322 2094 0
3323 2095 0
3324 2095 0
3325 2096 0
3326 2097 0
3327 2097 0
3328 2098 0
3329 2098 0
3330 2099 0
3331 2099 0
3332 2100 0
3333 2100 0
3334 2101 0
3335 2101 0
3336 2102 0
3337 2102 0
3338 2103 0
3339 2103 0
3340 2104 0
3341 2104 0
3342 2105 0
3343 2105 0
3344 2106 0
3345 2106 0
3346 2107 0
3347 2107 0
