154327068154027368154327608054127368154207368154307628154327680504127368104257368154267308154270368104357628154037628154370628154320687524107368540127368014257368140257368154267038154267380150274368154278360014357628140357628054137628154637028150374628154378620150324687154302687524167308524017368524170368547120368214057368147250368154067238154260387105274368154278306314057628147350628504137628154637208105374628154378602105324687104352687154382607154032687524167038524167380024517368524317068520174368524178360547128360547102368214357068214507368147258360 2 4 6 8 7
1 5 4 3 0 2 6 8 7
5 2 4 1 6 7 3 0 8
5 2 4 0 1 7 3 6 8
5 2 4 1 7 0 3 6 8
5 4 7 1 2 0 3 6 8
2 1 4 0 5 7 3 6 8
1 4 7 2 5 0 3 6 8
1 5 4 0 6 7 2 3 8
1 5 4 2 6 0 3 8 7
1 0 5 2 7 4 3 6 8
1 5 4 2 7 8 3 0 6
3 1 4 0 5 7 6 2 8
1 4 7 3 5 0 6 2 8
5 0 4 1 3 7 6 2 8
1 5 4 6 3 7 2 0 8
1 0 5 3 7 4 6 2 8
1 5 4 3 7 8 6 0 2
1 0 5 3 2 4 6 8 7
1 0 4 3 5 2 6 8 7
1 5 4 3 8 2 6 0 7
1 5 4 0 3 2 6 8 7
5 2 4 1 6 7 0 3 8
5 2 4 1 6 7 3 8 0
0 2 4 5 1 7 3 6 8
5 2 4 3 1 7 0 6 8
5 2 0 1 7 4 3 6 8
5 2 4 1 7 8 3 6 0
5 4 7 1 2 8 3 6 0
5 4 7 1 0 2 3 6 8
2 1 4 3 5 7 0 6 8
2 1 4 5 0 7 3 6 8
1 4 7 2 5 8 3 6 0
